1,3
1,4
1,572
1,574
2,5
2,6
2,575
3,1
3,7
3,8
3,566
3,575
4,1
4,9
4,10
4,568
4,571
5,2
5,11
5,12
5,72
5,572
6,2
6,13
6,14
6,35
6,572
6,575
7,3
7,15
7,16
7,35
7,146
7,566
8,3
8,17
8,18
8,35
8,517
8,566
8,567
8,574
9,4
9,19
9,20
10,4
10,21
10,22
10,72
10,566
11,5
11,23
11,24
11,520
11,567
11,568
12,5
12,25
12,26
12,566
13,6
13,27
13,28
13,571
14,6
14,29
14,30
14,566
15,7
15,31
15,32
15,72
15,571
16,7
16,33
16,34
16,523
17,8
17,35
17,36
17,566
17,571
18,8
18,37
18,38
18,571
19,9
19,39
19,40
19,571
20,9
20,41
20,42
20,146
20,567
20,571
21,10
21,35
21,43
21,44
21,72
21,568
22,10
22,45
22,46
22,566
23,11
23,47
23,48
24,11
24,49
24,50
24,80
24,529
24,575
25,12
25,51
25,52
25,80
25,530
26,12
26,53
26,54
26,75
26,566
26,567
27,13
27,35
27,55
27,56
27,80
28,13
28,57
28,58
28,145
28,568
28,574
29,14
29,59
29,60
29,75
29,566
30,14
30,61
30,62
30,80
30,567
30,571
30,575
31,15
31,35
31,63
31,64
31,145
31,566
31,571
32,15
32,65
32,66
32,146
32,535
32,572
33,16
33,67
33,68
33,538
33,568
33,571
33,572
34,16
34,69
34,70
34,568
34,575
35,17
35,35
35,71
35,72
36,17
36,72
36,73
36,74
36,75
36,566
36,568
37,18
37,75
37,76
37,568
37,574
38,18
38,72
38,77
38,78
39,19
39,35
39,79
39,80
39,146
39,575
40,19
40,72
40,81
40,82
40,541
41,20
41,72
41,83
41,84
41,566
41,571
41,572
41,574
42,20
42,85
42,86
42,566
43,21
43,87
43,88
43,145
43,574
44,21
44,72
44,75
44,89
44,90
45,22
45,91
45,92
45,575
46,22
46,75
46,93
46,94
46,566
46,574
47,23
47,80
47,95
47,96
47,145
47,571
48,23
48,80
48,97
48,98
48,547
48,571
49,24
49,80
49,99
49,100
49,146
49,549
49,568
49,572
49,574
50,24
50,101
50,102
51,25
51,80
51,103
51,104
51,567
52,25
52,35
52,72
52,105
52,106
52,574
53,26
53,107
53,108
53,567
53,574
53,575
54,26
54,109
54,110
54,566
55,27
55,75
55,111
55,112
56,27
56,80
56,113
56,114
56,553
56,571
57,28
57,35
57,115
57,116
58,28
58,72
58,117
58,118
58,146
58,574
59,29
59,119
59,120
59,566
59,575
60,29
60,80
60,121
60,122
60,145
60,566
60,571
61,30
61,123
61,124
61,568
61,572
62,30
62,35
62,80
62,125
62,126
63,31
63,127
63,128
63,146
64,31
64,129
64,130
64,146
64,559
64,568
65,32
65,75
65,131
65,132
66,32
66,133
66,134
66,567
66,568
66,572
67,33
67,35
67,75
67,135
67,136
67,566
67,567
68,33
68,137
68,138
68,145
68,571
69,34
69,139
69,140
70,34
70,141
70,142
70,572
70,575
71,35
71,143
71,144
71,575
72,35
72,72
72,145
72,146
72,565
72,568
73,36
73,72
73,147
73,148
73,568
73,571
74,36
74,146
74,149
74,150
74,566
74,575
75,35
75,37
75,75
75,151
75,152
75,568
76,37
76,153
76,154
77,35
77,38
77,155
77,156
77,574
78,38
78,75
78,80
78,157
78,158
79,35
79,39
79,75
79,80
79,159
79,160
79,568
80,39
80,161
80,162
80,571
81,40
81,163
81,164
81,571
81,572
82,40
82,145
82,165
82,166
82,572
83,41
83,72
83,167
83,168
83,566
84,41
84,75
84,146
84,169
84,170
84,568
85,42
85,80
85,146
85,171
85,172
85,567
86,42
86,75
86,173
86,174
86,566
86,568
86,575
87,35
87,43
87,146
87,175
87,176
87,575
88,35
88,43
88,145
88,177
88,178
88,566
88,575
88,577
89,44
89,72
89,75
89,179
89,180
90,35
90,44
90,181
90,182
90,568
91,45
91,72
91,183
91,184
91,567
91,571
91,572
91,575
92,45
92,146
92,185
92,186
93,46
93,187
93,188
93,568
93,571
94,35
94,46
94,189
94,190
94,566
95,47
95,145
95,191
95,192
95,567
95,572
95,574
96,47
96,193
96,194
96,566
96,583
97,48
97,72
97,145
97,195
97,196
97,575
98,48
98,197
98,198
98,568
99,49
99,199
99,200
99,568
100,49
100,201
100,202
100,427
100,566
100,567
100,568
101,35
101,50
101,145
101,203
101,204
102,50
102,72
102,205
102,206
102,566
102,568
103,51
103,146
103,207
103,208
103,572
103,575
104,51
104,72
104,209
104,210
104,575
104,589
105,52
105,145
105,146
105,211
105,212
105,566
105,572
106,52
106,213
106,214
106,566
106,575
107,53
107,215
107,216
107,568
107,591
108,53
108,145
108,146
108,217
108,218
108,572
109,35
109,54
109,80
109,145
109,219
109,220
110,54
110,75
110,221
110,222
110,574
111,55
111,223
111,224
111,568
112,55
112,225
112,226
112,595
113,56
113,146
113,227
113,228
114,56
114,229
114,230
114,574
115,57
115,231
115,232
115,566
115,575
115,598
116,35
116,57
116,75
116,233
116,234
116,567
116,568
116,575
117,35
117,58
117,235
117,236
117,568
118,58
118,237
118,238
118,567
118,574
119,35
119,59
119,72
119,146
119,239
119,240
119,571
120,59
120,75
120,241
120,242
120,574
120,601
121,60
121,243
121,244
121,566
121,567
121,571
122,60
122,245
122,246
122,566
122,575
123,61
123,247
123,248
123,567
123,568
123,574
124,61
124,72
124,75
124,145
124,249
124,250
125,62
125,80
125,251
125,252
126,62
126,253
126,254
126,566
126,567
126,568
127,63
127,145
127,255
127,256
127,568
127,571
128,63
128,257
128,258
128,571
128,607
129,64
129,75
129,145
129,259
129,260
130,35
130,64
130,261
130,262
130,568
130,571
131,65
131,263
131,264
131,608
132,35
132,65
132,146
132,265
132,266
133,66
133,72
133,75
133,267
133,268
133,566
133,568
133,571
133,572
133,575
134,35
134,66
134,146
134,269
134,270
135,67
135,145
135,271
135,272
135,567
135,575
136,67
136,72
136,273
136,274
136,613
137,68
137,72
137,275
137,276
137,615
138,68
138,80
138,277
138,278
138,568
138,574
138,575
139,69
139,279
139,280
139,566
139,571
140,35
140,69
140,281
140,282
140,575
141,70
141,80
141,283
141,284
141,571
142,70
142,285
142,286
142,567
142,571
142,572
142,575
143,71
143,72
143,287
143,288
143,572
143,575
144,71
144,145
144,289
144,290
144,566
144,571
144,572
144,619
145,35
145,72
145,291
145,292
145,566
146,72
146,145
146,293
146,294
146,568
147,35
147,73
147,146
147,295
147,296
147,568
147,574
148,72
148,73
148,297
148,298
149,74
149,145
149,146
149,299
149,300
149,566
150,74
150,301
150,302
151,75
151,303
151,304
151,574
152,75
152,305
152,306
152,625
153,75
153,76
153,146
153,307
153,308
153,566
153,568
153,575
154,76
154,145
154,309
154,310
154,627
155,77
155,311
155,312
156,75
156,77
156,146
156,313
156,314
156,568
157,78
157,315
157,316
157,568
158,78
158,317
158,318
158,567
159,79
159,319
159,320
160,79
160,321
160,322
160,631
161,80
161,323
161,324
162,80
162,325
162,326
162,571
162,574
163,81
163,327
163,328
163,567
163,568
164,81
164,146
164,329
164,330
164,567
164,575
165,80
165,82
165,331
165,332
165,567
165,572
166,72
166,75
166,82
166,333
166,334
166,574
167,83
167,335
167,336
167,572
168,83
168,337
168,338
168,574
168,637
169,72
169,75
169,84
169,339
169,340
169,571
169,575
170,72
170,75
170,84
170,341
170,342
170,567
171,85
171,343
171,344
171,568
171,571
171,572
171,575
172,35
172,85
172,345
172,346
172,566
172,567
172,575
173,86
173,145
173,347
173,348
173,567
174,72
174,86
174,349
174,350
174,571
175,87
175,351
175,352
176,80
176,87
176,353
176,354
176,567
176,575
176,643
177,88
177,145
177,355
177,356
177,572
178,88
178,146
178,357
178,358
178,567
178,568
178,575
179,72
179,89
179,359
179,360
179,568
179,645
180,72
180,75
180,89
180,361
180,362
181,72
181,90
181,145
181,363
181,364
181,568
181,571
181,575
182,72
182,90
182,145
182,365
182,366
182,566
183,91
183,367
183,368
183,574
184,35
184,72
184,91
184,369
184,370
184,649
185,92
185,371
185,372
185,650
186,35
186,92
186,373
186,374
186,575
187,80
187,93
187,146
187,375
187,376
187,566
187,567
187,568
188,80
188,93
188,377
188,378
188,571
188,572
189,72
189,94
189,379
189,380
190,94
190,381
190,382
191,95
191,383
191,384
191,466
192,95
192,146
192,385
192,386
192,566
192,567
192,568
192,655
193,96
193,387
193,388
193,571
194,35
194,72
194,75
194,96
194,146
194,389
194,390
194,566
194,575
195,97
195,146
195,391
195,392
195,568
195,656
196,72
196,97
196,145
196,393
196,394
197,98
197,395
197,396
197,566
197,571
197,572
197,575
198,98
198,397
198,398
198,566
198,568
198,571
199,72
199,99
199,146
199,399
199,400
199,568
199,571
200,99
200,401
200,402
200,571
200,661
201,72
201,80
201,100
201,403
201,404
201,568
201,571
202,100
202,146
202,405
202,406
202,568
202,574
202,664
203,101
203,146
203,407
203,408
203,571
203,574
204,35
204,72
204,101
204,145
204,409
204,410
204,571
205,102
205,411
205,412
205,568
206,80
206,102
206,413
206,414
206,567
206,571
206,575
207,103
207,415
207,416
207,568
207,572
208,35
208,103
208,417
208,418
208,574
208,667
209,104
209,146
209,419
209,420
209,568
210,104
210,145
210,421
210,422
210,568
210,571
210,574
211,72
211,80
211,105
211,423
211,424
211,566
212,105
212,146
212,425
212,426
212,571
213,106
213,427
213,428
214,106
214,429
214,430
214,572
214,574
214,575
215,107
215,431
215,432
216,107
216,433
216,434
216,567
216,574
216,673
217,75
217,108
217,435
217,436
217,568
217,571
218,35
218,108
218,437
218,438
219,109
219,145
219,439
219,440
219,567
219,571
219,572
219,676
220,72
220,109
220,441
220,442
220,567
220,568
220,572
221,72
221,110
221,146
221,443
221,444
221,572
222,110
222,445
222,446
222,566
222,571
222,574
223,72
223,111
223,447
223,448
223,567
223,571
224,72
224,111
224,449
224,450
224,566
224,571
224,575
224,679
225,112
225,451
225,452
225,566
226,80
226,112
226,145
226,453
226,454
227,113
227,455
227,456
228,113
228,457
228,458
229,114
229,459
229,460
229,575
230,114
230,461
230,462
230,566
230,575
231,72
231,115
231,463
231,464
232,75
232,115
232,465
232,466
232,575
232,685
233,116
233,467
233,468
233,568
233,572
233,688
234,116
234,469
234,470
234,568
234,571
235,75
235,117
235,471
235,472
235,568
235,571
235,572
235,574
236,72
236,117
236,473
236,474
236,575
237,118
237,475
237,476
238,72
238,118
238,145
238,477
238,478
238,567
239,35
239,80
239,119
239,146
239,276
239,479
239,480
239,567
239,568
239,574
240,119
240,146
240,481
240,482
240,571
240,691
241,120
241,483
241,484
241,571
242,120
242,485
242,486
243,121
243,487
243,488
243,566
243,575
244,75
244,121
244,146
244,489
244,490
244,566
244,571
244,574
245,80
245,122
245,491
245,492
245,575
246,80
246,122
246,493
246,494
246,566
246,568
246,575
247,72
247,123
247,495
247,496
247,566
247,568
248,72
248,123
248,497
248,498
248,697
249,124
249,145
249,499
249,500
249,566
249,568
249,574
249,575
250,124
250,501
250,502
250,566
251,35
251,125
251,503
251,504
252,125
252,145
252,505
252,506
253,126
253,507
253,508
253,528
253,567
253,568
253,572
253,574
254,72
254,126
254,509
254,510
254,568
255,127
255,145
255,567
256,35
256,72
256,127
256,146
256,566
256,571
256,575
256,703
257,72
257,128
257,146
257,568
257,574
258,128
258,567
258,568
259,75
259,129
259,145
260,129
260,568
261,72
261,130
261,568
261,575
262,80
262,130
262,574
263,131
263,571
263,572
264,131
264,145
264,566
264,575
264,709
265,72
265,132
265,145
265,568
265,575
266,132
266,568
267,75
267,133
267,145
267,568
267,571
267,574
268,133
268,574
269,134
269,146
270,72
270,134
270,571
271,75
271,135
271,568
271,572
271,575
272,80
272,135
272,572
272,715
273,136
273,566
274,136
274,571
275,137
275,146
275,571
275,717
276,80
276,137
276,239
277,35
277,80
277,138
277,145
277,568
277,574
278,138
278,571
278,572
279,139
279,571
279,575
280,139
280,566
280,572
280,574
280,721
281,72
281,140
281,146
281,572
282,140
282,145
283,80
283,141
283,568
283,574
283,575
284,141
284,567
285,142
285,145
286,142
286,568
286,572
287,143
287,145
288,80
288,143
288,727
289,144
290,144
290,145
290,566
290,567
290,574
291,145
291,146
291,571
292,145
292,566
293,35
293,72
293,146
294,75
294,146
294,575
295,72
295,145
295,147
295,566
295,567
295,568
296,147
296,566
296,574
296,733
297,75
297,148
298,35
298,75
298,148
298,567
298,571
298,574
299,149
299,567
299,571
299,572
299,575
300,149
300,571
300,572
301,150
301,575
302,75
302,150
303,151
303,575
304,35
304,75
304,80
304,145
304,146
304,151
304,567
304,575
304,739
305,152
305,566
305,572
306,72
306,75
306,152
306,571
306,572
306,640
307,35
307,153
307,571
307,572
308,153
308,568
309,72
309,146
309,154
309,566
310,72
310,75
310,154
311,155
311,566
311,567
311,572
312,155
312,574
312,745
313,156
313,566
313,567
313,575
314,72
314,156
314,566
314,568
314,747
315,157
315,572
316,72
316,157
316,568
316,574
317,35
317,158
317,567
317,574
318,35
318,80
318,158
318,566
318,571
318,575
319,35
319,72
319,146
319,159
319,566
320,146
320,159
320,571
320,572
320,575
320,751
321,75
321,160
321,567
322,75
322,80
322,160
322,566
322,568
323,145
323,146
323,161
323,568
323,575
324,72
324,145
324,146
324,161
324,574
325,146
325,162
325,566
325,575
326,35
326,146
326,162
327,75
327,145
327,146
327,163
328,163
328,757
329,164
330,72
330,146
330,164
331,165
331,568
331,575
332,165
332,566
332,571
332,575
333,166
334,35
334,145
334,166
335,167
335,567
335,568
335,572
336,80
336,167
336,572
336,763
337,35
337,72
337,80
337,168
338,80
338,168
338,567
338,574
338,575
339,169
339,764
340,169
341,72
341,170
341,571
342,72
342,75
342,80
342,170
343,171
343,568
343,575
344,35
344,145
344,146
344,171
344,566
344,769
345,146
345,172
345,571
346,172
346,571
347,173
347,770
348,72
348,146
348,173
348,567
348,568
349,174
349,566
350,174
350,568
350,575
351,175
351,566
351,572
352,175
352,572
352,775
353,176
353,568
354,176
354,566
354,568
354,574
354,778
355,80
355,177
355,566
356,35
356,146
356,177
356,568
356,572
356,574
357,72
357,178
357,571
357,574
358,75
358,145
358,178
358,566
358,567
358,574
359,145
359,179
359,568
359,571
359,574
360,179
360,781
361,75
361,180
361,566
361,571
362,180
362,568
363,35
363,181
364,146
364,181
365,75
365,145
365,182
365,572
366,145
366,182
366,574
367,80
367,183
368,183
368,566
368,787
369,35
369,145
369,184
369,568
370,184
370,566
370,790
371,72
371,145
371,185
372,35
372,185
373,80
373,186
373,568
373,572
374,72
374,186
374,568
375,72
375,80
375,187
375,566
375,568
376,187
376,568
376,575
376,793
377,72
377,188
377,575
378,35
378,188
378,794
379,35
379,146
379,189
379,571
379,572
380,72
380,189
380,566
381,190
381,566
382,80
382,145
382,190
382,572
383,72
383,146
383,191
384,72
384,191
384,568
384,799
385,75
385,146
385,192
386,146
386,192
386,802
387,35
387,193
387,568
388,193
389,72
389,145
389,146
389,194
389,571
390,75
390,146
390,194
390,571
391,195
391,575
392,35
392,195
392,571
392,805
393,35
393,196
393,567
394,80
394,196
394,566
394,572
395,146
395,197
395,566
395,806
396,197
396,568
397,72
397,198
397,571
398,145
398,198
399,35
399,75
399,146
399,199
399,566
400,35
400,199
400,571
400,575
400,811
401,200
401,566
402,200
402,568
402,571
402,574
403,201
403,574
404,145
404,201
404,568
405,75
405,146
405,202
405,566
405,568
405,572
405,574
406,80
406,202
406,572
407,203
408,203
408,566
408,571
408,574
408,817
409,204
409,819
410,75
410,204
410,572
411,75
411,145
411,205
411,568
412,205
412,571
412,574
412,575
413,145
413,206
413,566
413,567
414,75
414,206
414,567
414,568
414,575
415,72
415,80
415,207
415,568
415,572
415,575
416,75
416,207
416,572
416,574
416,823
417,208
417,571
417,572
417,575
418,208
418,566
418,568
419,72
419,209
419,825
420,209
420,566
420,574
420,575
421,210
421,568
421,571
421,574
422,146
422,210
422,568
423,211
423,566
424,145
424,211
424,574
424,829
425,75
425,212
425,567
425,571
425,575
425,831
426,75
426,146
426,212
427,100
427,145
427,213
427,567
428,213
428,572
429,80
429,146
429,214
429,575
430,35
430,214
431,80
431,145
431,215
431,574
432,215
432,574
432,835
433,80
433,216
433,571
433,572
434,72
434,145
434,216
434,838
435,80
435,145
435,217
435,567
436,80
436,217
436,568
436,575
437,218
437,571
438,218
438,572
439,35
439,80
439,219
440,80
440,219
440,567
440,574
440,841
441,220
441,566
441,568
442,220
442,575
443,35
443,221
443,567
443,571
443,575
444,145
444,221
444,575
445,222
446,222
446,568
446,574
447,223
447,566
447,568
448,72
448,223
448,575
448,847
449,35
449,224
449,572
450,224
451,225
451,575
452,72
452,145
452,225
452,568
452,571
452,574
453,72
453,226
453,572
453,575
454,72
454,226
454,567
454,571
454,575
455,227
455,572
456,227
456,853
457,228
457,567
457,571
457,572
458,228
458,567
459,72
459,146
459,229
459,571
460,75
460,146
460,229
460,572
460,575
461,72
461,75
461,230
461,568
461,575
462,145
462,230
463,72
463,231
464,146
464,231
464,568
464,859
465,232
466,191
466,232
466,568
466,571
466,575
467,233
468,72
468,233
468,567
469,72
469,75
469,145
469,234
470,234
470,566
471,75
471,235
471,567
471,572
471,574
471,575
472,72
472,235
472,566
472,572
472,865
473,236
473,566
473,568
474,236
474,567
474,571
475,80
475,145
475,237
475,566
475,568
476,72
476,237
476,572
476,574
477,238
477,572
478,238
478,568
479,239
479,568
480,72
480,75
480,239
480,566
480,574
480,575
481,240
482,72
482,240
482,572
483,75
483,241
484,35
484,241
484,567
485,145
485,242
486,242
486,571
486,574
486,575
487,146
487,243
487,566
487,567
487,568
487,571
488,146
488,243
488,568
489,244
489,571
489,575
490,244
490,568
490,571
490,574
490,575
491,80
491,145
491,245
491,568
492,245
492,568
492,572
492,575
493,246
494,35
494,246
494,567
494,568
494,571
494,574
495,247
495,566
495,567
495,568
495,575
496,75
496,247
496,568
497,145
497,248
497,567
498,248
498,572
499,145
499,249
499,566
499,567
499,571
499,574
500,72
500,75
500,249
501,35
501,250
502,72
502,250
502,575
503,251
503,571
504,75
504,251
504,574
505,145
505,252
505,575
506,75
506,145
506,146
506,252
507,253
507,568
508,253
508,566
509,254
509,566
509,572
510,254
510,571
511,80
511,512
511,516
511,572
512,72
512,145
512,511
512,513
512,574
513,72
513,512
513,514
513,566
514,513
514,515
514,566
514,567
515,145
515,514
515,516
515,566
515,571
516,72
516,75
516,145
516,511
516,515
517,8
517,72
517,518
517,522
518,145
518,517
518,519
518,574
518,575
519,72
519,518
519,520
519,567
520,11
520,35
520,72
520,519
520,521
520,567
520,575
521,72
521,75
521,520
521,522
522,72
522,517
522,521
522,571
522,575
523,16
523,524
523,528
524,72
524,523
524,525
524,566
524,575
525,72
525,524
525,526
525,567
525,568
525,574
525,575
526,145
526,525
526,527
526,567
526,568
527,526
527,528
528,146
528,253
528,523
528,527
528,571
528,575
529,24
529,75
529,146
529,530
529,534
530,25
530,35
530,146
530,529
530,531
530,567
530,574
531,530
531,532
531,566
531,568
532,531
532,533
533,80
533,532
533,534
533,567
533,575
534,145
534,529
534,533
534,572
535,32
535,35
535,536
535,540
536,72
536,80
536,145
536,146
536,535
536,537
536,566
536,572
537,536
537,538
537,575
538,33
538,72
538,75
538,537
538,539
538,568
538,572
539,35
539,538
539,540
539,568
539,571
539,575
540,535
540,539
540,574
540,575
541,40
541,72
541,542
541,546
542,146
542,541
542,543
543,542
543,544
543,568
543,575
544,35
544,75
544,543
544,545
544,574
545,75
545,544
545,546
545,567
545,568
545,801
546,541
546,545
546,571
546,572
547,48
547,548
547,552
547,566
548,146
548,547
548,549
548,566
549,49
549,548
549,550
549,571
550,549
550,551
550,566
551,35
551,550
551,552
551,566
552,72
552,547
552,551
552,566
552,568
553,56
553,72
553,554
553,558
553,572
554,145
554,553
554,555
554,568
554,574
555,80
555,554
555,556
555,566
555,567
556,72
556,555
556,557
556,567
557,35
557,145
557,556
557,558
557,568
558,35
558,72
558,80
558,553
558,557
558,568
558,571
559,64
559,75
559,146
559,560
559,564
559,567
560,35
560,559
560,561
560,566
560,568
561,145
561,560
561,562
562,80
562,146
562,561
562,563
562,566
562,568
563,562
563,564
563,574
564,35
564,145
564,559
564,563
564,566
564,568
564,572
565,72
565,145
565,146
565,566
565,568
565,570
565,571
565,574
566,291
566,565
566,567
567,72
567,566
567,568
567,572
568,75
568,567
568,569
568,572
569,566
569,568
569,570
569,573
570,565
570,569
570,571
570,573
570,576
571,80
571,162
571,572
571,576
572,81
572,146
572,326
572,571
572,573
572,579
573,72
573,81
573,145
573,572
573,574
574,573
574,575
575,164
575,567
575,572
575,574
575,576
576,146
576,568
576,570
576,571
576,575
577,35
577,88
577,146
577,164
577,325
577,578
577,582
578,146
578,572
578,577
578,579
579,572
579,578
579,580
580,35
580,72
580,293
580,579
580,581
581,163
581,326
581,572
581,580
581,582
582,72
582,291
582,572
582,574
582,577
582,581
583,81
583,96
583,163
583,566
583,584
583,588
584,162
584,583
584,585
585,39
585,40
585,575
585,584
585,586
586,579
586,585
586,587
587,568
587,586
587,588
588,293
588,294
588,583
588,587
589,104
589,162
589,566
589,567
589,572
589,590
589,594
590,39
590,163
590,568
590,575
590,589
590,591
591,107
591,146
591,291
591,590
591,592
592,80
592,145
592,325
592,591
592,593
593,161
593,592
593,594
594,566
594,589
594,593
595,112
595,294
595,596
595,600
596,294
596,595
596,597
597,39
597,161
597,291
597,292
597,325
597,566
597,596
597,598
598,115
598,163
598,325
598,326
598,597
598,599
599,39
599,146
599,325
599,574
599,598
599,600
600,145
600,146
600,579
600,595
600,599
601,35
601,80
601,120
601,145
601,325
601,575
601,602
601,606
602,161
602,572
602,579
602,601
602,603
603,75
603,162
603,568
603,602
603,604
604,81
604,603
604,605
605,162
605,294
605,604
605,606
606,72
606,567
606,568
606,579
606,601
606,605
607,35
607,39
607,75
607,128
607,608
607,612
608,131
608,164
608,293
608,607
608,609
609,163
609,293
609,567
609,575
609,608
609,610
610,75
610,162
610,568
610,609
610,611
611,80
611,610
611,612
612,40
612,81
612,146
612,162
612,607
612,611
613,136
613,294
613,614
613,618
614,163
614,613
614,615
615,39
615,40
615,137
615,294
615,566
615,572
615,579
615,614
615,616
616,145
616,161
616,162
616,163
616,615
616,617
617,39
617,145
617,616
617,618
618,574
618,613
618,617
619,144
619,145
619,146
619,620
619,624
620,162
620,325
620,619
620,621
621,75
621,81
621,294
621,575
621,620
621,622
622,292
622,293
622,326
622,567
622,621
622,623
623,39
623,162
623,164
623,325
623,575
623,622
623,624
624,39
624,72
624,291
624,325
624,619
624,623
625,72
625,152
625,325
625,567
625,575
625,626
625,630
626,81
626,164
626,293
626,625
626,627
627,40
627,80
627,154
627,626
627,628
628,161
628,163
628,164
628,574
628,575
628,627
628,629
629,325
629,579
629,628
629,630
630,574
630,575
630,625
630,629
631,72
631,146
631,160
631,162
631,291
631,575
631,632
631,636
632,72
632,81
632,325
632,631
632,633
633,161
633,566
633,632
633,634
634,72
634,566
634,633
634,635
635,567
635,634
635,636
636,292
636,293
636,631
636,635
637,161
637,168
637,326
637,567
637,579
637,638
637,642
638,567
638,637
638,639
639,325
639,574
639,638
639,640
640,35
640,306
640,639
640,641
641,39
641,72
641,292
641,326
641,579
641,640
641,642
642,572
642,637
642,641
643,176
643,326
643,644
643,648
644,643
644,645
645,179
645,294
645,568
645,572
645,574
645,575
645,579
645,644
645,646
646,35
646,294
646,575
646,645
646,647
647,81
647,292
647,325
647,579
647,646
647,648
648,146
648,643
648,647
649,40
649,184
649,574
649,650
649,654
650,185
650,649
650,651
651,80
651,650
651,652
652,146
652,292
652,651
652,653
653,652
653,654
654,39
654,40
654,81
654,162
654,649
654,653
655,39
655,80
655,192
655,575
655,656
655,660
656,39
656,195
656,294
656,655
656,657
657,72
657,291
657,325
657,572
657,574
657,656
657,658
658,293
658,567
658,657
658,659
659,572
659,658
659,660
660,567
660,574
660,655
660,659
661,200
661,326
661,566
661,662
661,666
662,572
662,661
662,663
663,294
663,566
663,575
663,662
663,664
664,39
664,145
664,202
664,294
664,575
664,663
664,665
665,579
665,664
665,666
666,145
666,291
666,661
666,665
667,208
667,668
667,672
668,75
668,667
668,669
669,72
669,668
669,670
670,294
670,568
670,669
670,671
671,35
671,574
671,670
671,672
672,162
672,292
672,293
672,325
672,667
672,671
673,35
673,161
673,216
673,293
673,294
673,572
673,674
673,678
674,72
674,163
674,673
674,675
675,146
675,164
675,572
675,674
675,676
676,219
676,325
676,675
676,677
677,572
677,575
677,676
677,678
678,673
678,677
679,39
679,162
679,224
679,680
679,684
680,81
680,566
680,568
680,679
680,681
681,80
681,161
681,566
681,680
681,682
682,35
682,40
682,294
682,572
682,681
682,683
683,35
683,163
683,566
683,682
683,684
684,39
684,72
684,164
684,679
684,683
685,232
685,686
685,690
686,685
686,687
687,686
687,688
688,164
688,233
688,574
688,687
688,689
689,326
689,572
689,688
689,690
690,572
690,685
690,689
691,240
691,294
691,692
691,696
692,35
692,75
692,566
692,691
692,693
693,292
693,568
693,692
693,694
694,572
694,693
694,695
695,72
695,146
695,572
695,574
695,694
695,696
696,39
696,75
696,81
696,691
696,695
697,72
697,161
697,248
697,567
697,698
697,702
698,40
698,72
698,75
698,568
698,572
698,574
698,697
698,699
699,72
699,75
699,81
699,294
699,575
699,698
699,700
700,325
700,567
700,699
700,701
701,75
701,291
701,566
701,700
701,702
702,39
702,75
702,697
702,701
703,80
703,256
703,294
703,568
703,704
703,708
704,566
704,567
704,574
704,575
704,703
704,705
705,704
705,706
706,705
706,707
707,40
707,75
707,145
707,294
707,706
707,708
708,81
708,146
708,566
708,703
708,707
709,39
709,146
709,162
709,264
709,325
709,710
709,714
710,567
710,568
710,709
710,711
711,325
711,572
711,710
711,712
712,293
712,568
712,711
712,713
713,163
713,574
713,579
713,712
713,714
714,146
714,162
714,291
714,709
714,713
715,80
715,146
715,272
715,574
715,716
715,720
716,39
716,162
716,163
716,325
716,572
716,575
716,715
716,717
717,75
717,275
717,293
717,575
717,716
717,718
718,72
718,145
718,162
718,717
718,719
719,162
719,718
719,720
720,145
720,162
720,572
720,715
720,719
721,280
721,722
721,726
722,35
722,162
722,292
722,568
722,721
722,723
723,35
723,40
723,81
723,291
723,293
723,567
723,722
723,724
724,566
724,723
724,725
725,145
725,325
725,572
725,575
725,579
725,724
725,726
726,161
726,721
726,725
727,40
727,288
727,294
727,575
727,728
727,732
728,572
728,575
728,727
728,729
729,40
729,292
729,294
729,574
729,579
729,728
729,730
730,146
730,163
730,572
730,729
730,731
731,80
731,567
731,579
731,730
731,732
732,292
732,727
732,731
733,296
733,734
733,738
734,75
734,146
734,733
734,735
735,734
735,736
736,80
736,145
736,146
736,162
736,735
736,737
737,80
737,572
737,579
737,736
737,738
738,733
738,737
739,304
739,574
739,740
739,744
740,145
740,579
740,739
740,741
741,161
741,291
741,574
741,740
741,742
742,294
742,741
742,743
743,292
743,325
743,742
743,744
744,80
744,146
744,574
744,739
744,743
745,39
745,312
745,746
745,750
746,80
746,575
746,745
746,747
747,35
747,81
747,314
747,566
747,746
747,748
748,80
748,163
748,572
748,747
748,749
749,568
749,748
749,750
750,325
750,326
750,572
750,745
750,749
751,320
751,752
751,756
752,81
752,164
752,568
752,751
752,753
753,35
753,752
753,754
754,35
754,146
754,326
754,575
754,753
754,755
755,35
755,72
755,754
755,756
756,72
756,146
756,566
756,751
756,755
757,328
757,758
757,762
758,81
758,145
758,572
758,757
758,759
759,146
759,162
759,579
759,758
759,760
760,80
760,81
760,146
760,566
760,759
760,761
761,760
761,762
762,72
762,80
762,163
762,325
762,575
762,757
762,761
762,865
763,40
763,75
763,336
763,764
763,768
764,40
764,339
764,567
764,763
764,765
765,39
765,162
765,294
765,764
765,766
766,291
766,572
766,765
766,767
767,145
767,766
767,768
768,161
768,763
768,767
769,291
769,293
769,344
769,770
769,774
770,80
770,293
770,347
770,769
770,771
771,145
771,162
771,293
771,574
771,770
771,772
772,80
772,164
772,572
772,575
772,771
772,773
773,40
773,162
773,293
773,572
773,579
773,772
773,774
774,72
774,294
774,574
774,769
774,773
775,80
775,145
775,326
775,352
775,567
775,776
775,780
776,292
776,775
776,777
777,81
777,572
777,575
777,776
777,778
778,293
778,325
778,354
778,777
778,779
779,39
779,164
779,567
779,778
779,780
780,568
780,775
780,779
781,164
781,291
781,326
781,360
781,574
781,782
781,786
782,781
782,783
783,566
783,782
783,784
784,566
784,574
784,783
784,785
785,39
785,81
785,164
785,568
785,784
785,786
786,145
786,161
786,781
786,785
787,161
787,162
787,291
787,368
787,567
787,788
787,792
788,40
788,146
788,293
788,787
788,789
789,291
789,566
789,788
789,790
790,162
790,370
790,579
790,789
790,791
791,292
791,325
791,790
791,792
792,574
792,787
792,791
793,293
793,376
793,794
793,798
794,40
794,72
794,292
794,378
794,793
794,795
795,40
795,145
795,794
795,796
796,81
796,146
796,575
796,795
796,797
797,145
797,164
797,291
797,568
797,574
797,796
797,798
798,35
798,72
798,75
798,793
798,797
799,40
799,294
799,384
799,566
799,572
799,800
799,804
800,39
800,40
800,72
800,291
800,325
800,799
800,801
801,163
801,545
801,566
801,800
801,802
802,35
802,80
802,386
802,801
802,803
803,162
803,292
803,566
803,802
803,804
804,161
804,162
804,567
804,799
804,803
805,392
805,806
805,810
806,81
806,291
806,395
806,572
806,574
806,805
806,807
807,326
807,806
807,808
808,40
808,72
808,325
808,566
808,575
808,807
808,809
809,146
809,572
809,808
809,810
810,163
810,325
810,805
810,809
811,400
811,575
811,812
811,816
812,40
812,811
812,813
813,812
813,814
814,145
814,813
814,815
815,40
815,325
815,326
815,814
815,816
816,72
816,292
816,811
816,815
817,40
817,164
817,293
817,408
817,818
817,822
818,75
818,817
818,819
819,162
819,409
819,818
819,820
820,291
820,292
820,819
820,821
821,326
821,820
821,822
822,81
822,817
822,821
823,145
823,325
823,416
823,824
823,828
824,80
824,145
824,146
824,164
824,292
824,823
824,825
825,80
825,145
825,162
825,292
825,419
825,824
825,826
826,39
826,72
826,574
826,825
826,827
827,39
827,826
827,828
828,146
828,164
828,572
828,574
828,823
828,827
829,424
829,830
829,834
830,163
830,829
830,831
831,72
831,80
831,425
831,567
831,830
831,832
832,35
832,72
832,831
832,833
833,40
833,291
833,574
833,832
833,834
834,80
834,145
834,146
834,163
834,829
834,833
835,163
835,432
835,567
835,579
835,836
835,840
836,162
836,292
836,835
836,837
837,39
837,75
837,164
837,572
837,836
837,838
838,75
838,80
838,293
838,294
838,325
838,434
838,837
838,839
839,75
839,80
839,838
839,840
840,574
840,835
840,839
841,145
841,146
841,440
841,842
841,846
842,80
842,567
842,579
842,841
842,843
843,40
843,80
843,146
843,567
843,842
843,844
844,568
844,843
844,845
845,567
845,844
845,846
846,568
846,841
846,845
847,80
847,81
847,291
847,448
847,848
847,852
848,566
848,847
848,849
849,75
849,145
849,164
849,293
849,567
849,848
849,850
850,39
850,80
850,572
850,849
850,851
851,72
851,162
851,164
851,325
851,568
851,850
851,852
852,292
852,293
852,294
852,847
852,851
853,39
853,146
853,293
853,456
853,566
853,575
853,854
853,858
854,294
854,853
854,855
855,146
855,575
855,854
855,856
856,162
856,572
856,579
856,855
856,857
857,81
857,291
857,579
857,856
857,858
858,292
858,326
858,853
858,857
859,294
859,464
859,860
859,864
860,568
860,859
860,861
861,572
861,860
861,862
862,162
862,294
862,326
862,861
862,863
863,292
863,862
863,864
864,575
864,859
864,863
865,472
865,572
865,762
865,866
865,870
866,39
866,145
866,293
866,294
866,326
866,572
866,574
866,865
866,867
867,81
867,293
867,866
867,868
868,75
868,164
868,579
868,867
868,869
869,161
869,868
869,870
870,164
870,325
870,572
870,865
870,869
871,72
871,164
871,294
871,572
